UX,UY,UZ,RX,RY,RZ
0.0,0.0,0.0,0.0,0.0,0.0
61.1985415724027,-27.728452826957547,0.0,0.0,0.0,8.205859040318289e-06
54.56761167448371,-19.233719080701363,0.0,0.0,0.0,5.849529444892341e-05
58.8824249556865,-11.306582368119798,0.0,0.0,0.0,9.24132352117906e-05
71.51665191136932,-4.523979297794675,0.0,0.0,0.0,5.734252412408263e-05
73.0285252023045,-1.5782461811448476,0.0,0.0,0.0,4.35933856633014e-05
78.06678476210566,16.20696904099539,0.0,0.0,0.0,5.757468392763895e-05
91.26106486793925,30.467594388964617,0.0,0.0,0.0,-7.370968990985446e-05
126.69678944338199,36.655498090193305,0.0,0.0,0.0,-0.00020493787903778915
143.43391185172268,38.6109901319399,0.0,0.0,0.0,-0.0002402941842210201
104.735286839879,30.058573928996736,0.0,0.0,0.0,4.469089541820308e-05
3.7791665710215057,17.366196927523102,0.0,0.0,0.0,0.0007466585802648007
-44.56802326486226,11.627148288150828,0.0,0.0,0.0,0.0008251103506885109
-20.519683339996995,-3.6824153597506744,0.0,0.0,0.0,-2.8705946965564737e-05
-17.545579138327007,-14.454263347065336,0.0,0.0,0.0,-0.0005548653576494072
-96.51105455873227,-10.860395845396841,0.0,0.0,0.0,-0.00010217222091572233
-133.48757093764783,0.011153768811624332,0.0,0.0,0.0,0.0005941030800512796
