UX,UY,UZ,RX,RY,RZ
0.0,0.0,0.0,0.0,0.0,0.0
61.04043935762819,-27.888005266768022,2.130095878486624,0.000439477297352224,0.0002143094892815113,8.205859040318289e-06
53.44058334499104,-20.37108530901473,1.0632706510114796,-9.310288789114349e-05,-0.0005329871915702952,5.849529444892341e-05
57.10189995645429,-13.103439598590665,1.6169067261870633,0.0003837829668012665,0.00024796007110030466,9.24132352117906e-05
70.41183399770127,-5.6389313806827115,2.6333948531580322,-0.00043815823358670067,5.446049772229794e-05,5.734252412408263e-05
72.18861181980259,-2.4258638416486775,2.8663475640479437,0.0007581856519947084,0.0003710810207617023,4.35933856633014e-05
76.95749382752126,15.087502907487995,1.482520892462636,-0.000326812611201089,-1.459786075386888e-05,5.757468392763895e-05
92.68122882247859,31.900785089049418,1.7405325070550746,-0.00028230477848799817,0.00021857715476817144,-7.370968990985446e-05
130.64532577673455,40.64025318401165,4.5854686644060605,-0.0004154601106666813,0.0010493954355786871,-0.00020493787903778915
148.06365780959445,43.28320338546476,6.14020973504349,-0.000673518973604082,0.0019644314046943926,-0.0002402941842210201
103.87422774647297,29.18961659421261,4.440088723978253,-0.0007452728110927976,0.002237405941902545,4.469089541820308e-05
-10.606697802257088,2.848375258720125,-1.6662597808203792,0.0006976843870054493,-0.0013729411520257747,0.0007466585802648007
-60.46541721670518,-4.4160677747129125,-4.290703019228264,-8.452341733072052e-05,-0.001820967064668014,0.0008251103506885109
-19.966606109428376,-3.124264914694005,0.19747936991185,0.00022968983873632192,0.00018659546990446962,-2.8705946965564737e-05
-6.854993117412015,-3.6656157302471812,2.1030639174471126,-0.00017580621379164002,0.00204738308089561,-0.0005548653576494072
-94.54250326680312,-8.873787612442582,-4.494553948367054,0.0005601944249795172,-0.0016362175647652113,-0.00010217222091572233
-144.93414981488206,-11.540421204065797,-8.012214206796385,-0.0003538875938502008,-0.0021855150528583426,0.0005941030800512796
