UX,UY,UZ,RX,RY,RZ
0.0,0.0,0.0,0.0,0.0,0.0
0.2214684193318009,-0.09949255113169936,-0.007944155234650316,1.4497117006332179e-06,8.890488278779412e-07,2.96166259534996e-08
1.087027650747901,-0.46321766096109607,-0.03589594945715048,5.52573416785096e-06,1.5515140573028174e-06,3.295880021509219e-07
2.7955304016661175,-1.0911485309710716,-0.08599750926964217,1.1555551443335196e-05,3.1993661616991327e-07,1.4149572944039213e-06
5.405765030742552,-1.8650026402284556,-0.16182915347044985,1.788689744643213e-05,-3.3374489006246643e-07,3.585485585981071e-06
9.026365122952756,-2.7001412376969247,-0.27344347229972643,2.4914804131497913e-05,1.8631034769387233e-06,6.660811456654097e-06
13.728532111745022,-3.4900950457450852,-0.42107769358479397,3.387600803053995e-05,7.611604677696256e-06,1.0465571982681554e-05
19.593289385850632,-4.0527295015612435,-0.5965028133157186,4.1308274523253696e-05,1.6228175727170094e-05,1.4577234251257355e-05
26.834632747450165,-4.22566422055233,-0.8071086215696897,4.506069046309074e-05,2.909753560111638e-05,1.7624965831234772e-05
35.78551010014374,-3.9363016217536546,-1.0795754859953588,4.513259486834473e-05,5.467646831950662e-05,1.806006755770403e-05
46.56093477093864,-3.173138745382839,-1.4278593925271552,4.0885856747716376e-05,0.00010165369445929175,1.6182263246361035e-05
58.66656315349374,-1.9484882795768736,-1.8219746234665601,3.436303586295046e-05,0.0001640212043956102,1.6454628940786233e-05
71.18663528498419,-0.2795283121794132,-2.2019179948975225,2.49948091445125e-05,0.00022298725258722234,2.5255972965122276e-05
83.49494907691911,1.6916100527389808,-2.544094418019105,1.1681406814075098e-05,0.0002712670051168508,4.260453958998669e-05
95.44627438122912,3.641139545942268,-2.880265349879293,2.851778235861205e-07,0.0003204601771327998,6.072126446078662e-05
106.75930833547022,5.345383321412372,-3.2171874691852715,-3.7616310709865655e-06,0.0003733347640402892,7.436037777779257e-05
116.81869823290839,6.907331325738061,-3.5002427853181324,-4.25850512911215e-06,0.00041244707348034494,8.740358712816575e-05
