UX,UY,UZ,RX,RY,RZ
0.0,0.0,0.0,0.0,0.0,0.0
0.22030744759442372,-0.10065352286907654,0.007687952299480701,1.586163577363971e-06,7.734868404575786e-07,2.96166259534996e-08
1.074107801063585,-0.47613751064541215,0.034589370750420484,6.008626918257161e-06,1.1702874240730377e-06,3.295880021509219e-07
2.740064075725484,-1.1466148569117054,0.08268961214620871,1.2730350385529047e-05,-6.11806345007681e-07,1.4149572944039213e-06
5.265213995772095,-2.0055536751989136,0.15580337155711893,2.0304946318355428e-05,-2.331123596557476e-06,3.585485585981071e-06
8.765261313851916,-2.9612450467977656,0.2641070366996803,2.8838335275737953e-05,-1.423076577997628e-06,6.660811456654097e-06
13.318281690023905,-3.9003454674662024,0.40795635562148536,4.0083682387912184e-05,2.307457675049257e-06,1.0465571982681554e-05
19.021861803201347,-4.624157084210532,0.5791342913593088,5.068751374034443e-05,8.060815715367805e-06,1.4577234251257355e-05
26.143734086865766,-4.916562881136733,0.7847767208263916,5.657453928029569e-05,1.9126749583089605e-05,1.7624965831234772e-05
35.07755545188175,-4.644256270015652,1.0519621542921156,5.601283986950024e-05,4.564657456952354e-05,1.806006755770403e-05
45.926590051681295,-3.8074834646401907,1.3960452220080601,4.640008176535237e-05,9.820920947733078e-05,1.6182263246361035e-05
58.02154169901493,-2.5935097340556927,1.788326070634264,3.1494857152117046e-05,0.00016905716644662175,1.6454628940786233e-05
70.19660114475141,-1.2695624524122051,2.169118337219727,1.8630899693232003e-05,0.00023149768498528596,2.5255972965122276e-05
81.82485112499165,0.021512100811503787,2.513637422487877,8.50390110502337e-06,0.0002765119527838182,4.260453958998669e-05
93.06600081436629,1.2608659790794339,2.851686357163211,-9.046850976180796e-07,0.0003236903248947445,6.072126446078662e-05
103.84438152658076,2.4304565125229045,3.189407046413843,-8.731458479332983e-06,0.00038041556370646166,7.436037777779257e-05
113.3924776174843,3.481110710313964,3.473356870495095,-1.4426292470553998e-05,0.0004248313673160947,8.740358712816575e-05
