UX,UY,UZ,RX,RY,RZ
0.0,0.0,0.0,0.0,0.0,0.0
61.04043935762819,-27.566335592387546,1.9771818299344925,0.00040386542460754926,0.0002130512895990905,8.205859040318289e-06
53.44058334499104,-18.078069766616935,1.61419161496298,-7.28077112602595e-05,-0.0005302386883191182,5.849529444892341e-05
57.10189995645429,-9.480840778288476,-0.1241676671120091,0.0002838473807486469,0.00024549738590169364,9.24132352117906e-05
70.41183399770127,-3.3911044350186748,-1.7497856318478044,-0.0004297310728425435,5.553520702487156e-05,5.734252412408263e-05
72.18861181980259,-0.7170031236472654,-1.9763275957980542,0.0007511497871413619,0.00035563364756475697,4.35933856633014e-05
76.95749382752126,17.34443051745144,-3.5159287734575964,-0.0005148365141387876,-1.6857672579968775e-05,5.757468392763895e-05
92.68122882247859,29.01136524458312,-5.865692501412433,-8.839645819828815e-05,0.00021668725966581524,-7.370968990985446e-05
130.64532577673455,32.60668832573031,-9.564358384590372,-0.00030727921776520564,0.0010516784304841478,-0.00020493787903778915
148.06365780959445,33.86367136400077,-11.520231101317755,-0.00036697645958623005,0.0019701561628671102,-0.0002402941842210201
103.87422774647297,30.941499694606176,-8.722884797536514,-0.00021223619536140715,0.0022411711863692544,4.469089541820308e-05
-10.606697802257088,32.11739160510032,-0.6852126103843403,0.00016392187496200783,-0.0013854654961933184,0.0007466585802648007
-60.46541721670518,27.928257972276725,2.6851512424491886,-0.0008582898680637747,-0.0018297029346850315,0.0008251103506885109
-19.966606109428376,-4.249538035744131,1.1961594264113897,0.0004906522228869039,0.00017417109054653716,-2.8705946965564737e-05
-6.854993117412015,-25.416337750103935,1.0699813182329831,0.0004006668771413479,0.002053367983821699,-0.0005548653576494072
-94.54250326680312,-12.878938672338887,7.0874896446707,0.000713616851424089,-0.0016327332599494673,-0.00010217222091572233
-144.93414981488206,11.748419533944375,8.450227442502605,-0.0008636410212970057,-0.0021716742940584752,0.0005941030800512796
