UX,UY,UZ,RX,RY,RZ
0.0,0.0,0.0,0.0,0.0,0.0
0.22030744759442372,-0.09949255113169936,0.007136054179277543,1.457633034808886e-06,7.689457401064785e-07,2.96166259534996e-08
1.074107801063585,-0.46321766096109607,0.03437016486498131,5.567754197239372e-06,1.162042933834808e-06,3.295880021509219e-07
2.740064075725484,-1.0911485309710716,0.07994407948378815,1.1634415843601032e-05,-6.173438384266437e-07,1.4149572944039213e-06
5.265213995772095,-1.8650026402284556,0.12413231444023518,1.793623875725305e-05,-2.3379320065519092e-06,3.585485585981071e-06
8.765261313851916,-2.7001412376969247,0.1481087623286508,2.4871603518119248e-05,-1.4880392815749783e-06,6.660811456654097e-06
13.318281690023905,-3.4900950457450852,0.13881422628825218,3.381993725262341e-05,2.0685579327353435e-06,1.0465571982681554e-05
19.021861803201347,-4.0527295015612435,0.07583681944788143,4.1443982641840695e-05,7.569092934661093e-06,1.4577234251257355e-05
26.143734086865766,-4.22566422055233,-0.07669099400548504,4.546276212860028e-05,1.8368645399467974e-05,1.7624965831234772e-05
35.07755545188175,-3.9363016217536546,-0.36100762328032054,4.5619940224042176e-05,4.465240938165006e-05,1.806006755770403e-05
45.926590051681295,-3.173138745382839,-0.7944844057923803,4.12530943800211e-05,9.704213626938027e-05,1.6182263246361035e-05
58.02154169901493,-1.9484882795768736,-1.3349784901200616,3.4621375155496125e-05,0.00016771982319699894,1.6454628940786233e-05
70.19660114475141,-0.2795283121794132,-1.9022101367664046,2.5309163349613015e-05,0.00022988172584179474,2.5255972965122276e-05
81.82485112499165,1.6916100527389808,-2.4482151501219525,1.2163955681277706e-05,0.0002744642736051562,4.260453958998669e-05
93.06600081436629,3.641139545942268,-2.972032752240416,9.088216409334831e-07,0.0003211113126176574,6.072126446078662e-05
103.84438152658076,5.345383321412372,-3.4582294048019646,-3.1076810149462034e-06,0.0003773161532517795,7.436037777779257e-05
113.3924776174843,6.907331325738061,-3.8589052705782523,-3.643973429391466e-06,0.00042130826469699545,8.740358712816575e-05
