UX,UY,UZ,RX,RY,RZ
0.0,0.0,0.0,0.0,0.0,0.0
0.2208780708691339,-0.1000776654351848,0.0,0.0,0.0,2.96166259534996e-08
1.0804579702350443,-0.46972909324303375,0.0,0.0,0.0,3.295880021509219e-07
2.767326045612788,-1.1191028210065626,0.0,0.0,0.0,1.4149572944039213e-06
5.334295515379056,-1.9358384911654345,0.0,0.0,0.0,3.585485585981071e-06
8.89359511026717,-2.8317340822777712,0.0,0.0,0.0,6.660811456654097e-06
13.519921774409257,-3.6968557979941026,0.0,0.0,0.0,1.0465571982681554e-05
19.302721248761763,-4.340721397702962,0.0,0.0,0.0,1.4577234251257355e-05
26.483314150275593,-4.573867949852523,0.0,0.0,0.0,1.7624965831234772e-05
35.42551861647196,-4.293101341833759,0.0,0.0,0.0,1.806006755770403e-05
46.2383735769336,-3.49284004096859,0.0,0.0,0.0,1.6182263246361035e-05
58.33857289173333,-2.273570507610404,0.0,0.0,0.0,1.6454628940786233e-05
70.68320775625327,-0.7784923418273675,0.0,0.0,0.0,2.5255972965122276e-05
82.64571241879767,0.8499029134229703,0.0,0.0,0.0,4.260453958998669e-05
94.23591688872128,2.4415133489031184,0.0,0.0,0.0,6.072126446078662e-05
105.27708227861352,3.876299006450921,0.0,0.0,0.0,7.436037777779257e-05
115.07648177065148,5.180561737435861,0.0,0.0,0.0,8.740358712816575e-05
