UX,UY,UZ,RX,RY,RZ
0.0,0.0,0.0,0.0,0.0,0.0
0.2214684193318009,-0.10065352286907654,-0.007043955583954847,1.5898902933898605e-06,8.831932848184497e-07,2.96166259534996e-08
1.087027650747901,-0.47613751064541215,-0.034022814253929716,6.030566293561638e-06,1.5488180222025381e-06,3.295880021509219e-07
2.7955304016661175,-1.1466148569117054,-0.07953030599739572,1.2766886575041996e-05,3.548128249053178e-07,1.4149572944039213e-06
5.405765030742552,-2.0055536751989136,-0.12436672291964111,2.030173871367047e-05,-2.1661032539119935e-07,3.585485585981071e-06
9.026365122952756,-2.9612450467977656,-0.1497568165091571,2.874687656111617e-05,2.0645195956054968e-06,6.660811456654097e-06
13.728532111745022,-3.9003454674662024,-0.14239387130391457,3.9972139394844655e-05,7.840877460211422e-06,1.0465571982681554e-05
19.593289385850632,-4.624157084210532,-0.08143492023378461,5.072609528471936e-05,1.6479372115024283e-05,1.4577234251257355e-05
26.834632747450165,-4.916562881136733,0.0698724422525364,5.685570406775363e-05,2.944681254411902e-05,1.7624965831234772e-05
35.78551010014374,-4.644256270015652,0.3543501405370906,5.652290596445893e-05,5.526035604522096e-05,1.806006755770403e-05
46.56093477093864,-3.8074834646401907,0.7886689923333754,4.720275898804235e-05,0.00010265033961486653,1.6182263246361035e-05
58.66656315349374,-2.5935097340556927,1.3287186736114154,3.2750633579226643e-05,0.00016551965108528729,1.6454628940786233e-05
71.18663528498419,-1.2695624524122051,1.8923196364040336,2.041755883307456e-05,0.00022491141902564857,2.5255972965122276e-05
83.49494907691911,0.021512100811503787,2.4319452756393183,1.0801307553456137e-05,0.00027347137702678296,4.260453958998669e-05
95.44627438122912,1.2608659790794339,2.949335741479183,1.903901440082993e-06,0.0003228418283558114,6.072126446078662e-05
106.75930833547022,2.4304565125229045,3.430842996249464,-5.461236562710001e-06,0.0003758267639189172,7.436037777779257e-05
116.81869823290839,3.481110710313964,3.8273971467849175,-1.0871638231166703e-05,0.0004149995950882204,8.740358712816575e-05
