UX,UY,UZ,RX,RY,RZ
0.0,0.0,0.0,0.0,0.0,0.0
61.36210903200866,-27.888005266768022,-1.951664132806672,0.00044050985610620763,0.000244705781541584,8.205859040318289e-06
55.73359888738883,-20.37108530901473,-1.6200221985186736,-9.115439464600492e-05,-0.0005496931371779445,5.849529444892341e-05
60.72449877675647,-13.103439598590665,0.05799237157644632,0.00037785158174569216,0.000339434052010741,9.24132352117906e-05
72.6596609433653,-5.6389313806827115,1.6899717139504384,-0.0004433000732900798,4.332343073699165e-05,5.734252412408263e-05
73.89747253780399,-2.4258638416486775,1.9500441943063505,0.0007609608264438196,0.0003642740866024203,4.35933856633014e-05
79.2144214374847,15.087502907487995,3.4848027772885177,-0.0003083341813057345,0.00019654889959799853,5.757468392763895e-05
89.79180897801228,31.900785089049418,5.930160284908469,-0.0002748771682500502,3.563846897401571e-05,-7.370968990985446e-05
122.61176091845321,40.64025318401165,9.687651478831228,-0.0004231762883815955,0.0009315923160516155,-0.00020493787903778915
138.64412578813045,43.28320338546476,11.591953959101412,-0.0006693050732897751,0.0016604382135572316,-0.0002402941842210201
105.62611084686652,29.18961659421261,8.644830285115612,-0.0007283323960897972,0.0017257012912035405,4.469089541820308e-05
18.662318544123096,2.848375258720125,0.4131567354776191,0.0007040559823572128,-0.0008229936128969256,0.0007466585802648007
-28.12109146971555,-4.4160677747129125,-2.945805703353062,-9.265559763575726e-05,-0.0010432347601384928,0.0008251103506885109
-21.091879230478515,-3.124264914694005,-1.164372430899671,0.00023400370083481037,-9.169931025802553e-05,-2.8705946965564737e-05
-28.60571513726878,-3.6656157302471812,-0.8861342780949863,-0.00017618184742623414,0.001451196233028728,-0.0005548653576494072
-98.54765432669944,-8.873787612442582,-7.0054966626651325,0.0005429045098965782,-0.0018092303904303918,-0.00010217222091572233
-121.64530907687191,-11.540421204065797,-8.640773016415167,-0.000368029664070852,-0.001659646116592002,0.0005941030800512796
