UX,UY,UZ,RX,RY,RZ
0.0,0.0,0.0,0.0,0.0,0.0
61.36210903200866,-27.566335592387546,-2.2010818569373276,0.0004016706657663887,0.00024632817299921134,8.205859040318289e-06
55.73359888738883,-18.078069766616935,-1.141339638656032,-7.56711377537886e-05,-0.0005554357143394753,5.849529444892341e-05
60.72449877675647,-9.480840778288476,-1.653259824617993,0.00029100825002941367,0.0003397621008193682,9.24132352117906e-05
72.6596609433653,-3.3911044350186748,-2.681158241569899,-0.000422800996404576,3.6028758642669425e-05,5.734252412408263e-05
73.89747253780399,-0.7170031236472654,-2.8987057764947157,0.0007475893520108083,0.00037797481582901583,4.35933856633014e-05
79.2144214374847,17.34443051745144,-1.5014408475141403,-0.0005367203222741767,0.00019207572037721585,5.757468392763895e-05
89.79180897801228,29.01136524458312,-1.7984184511151236,-9.777038730871375e-05,3.252796680124081e-05,-7.370968990985446e-05
122.61176091845321,32.60668832573031,-4.6492124408912465,-0.00028731267136120417,0.0009211857437094935,-0.00020493787903778915
138.64412578813045,33.86367136400077,-6.042958744056422,-0.00034736117598758694,0.0016465335202148785,-0.0002402941842210201
105.62611084686652,30.941499694606176,-4.271447976040664,-0.00021452841601539904,0.0017145582760749987,4.469089541820308e-05
18.662318544123096,32.11739160510032,1.8873998380314232,0.00014578525613315784,-0.0008114742805939632,0.0007466585802648007
-28.12109146971555,27.928257972276725,4.423236076994148,-0.0008654168159192493,-0.0010340504794737959,0.0008251103506885109
-21.091879230478515,-4.249538035744131,-0.26980850631612796,0.0004919611681281551,-8.126965896523126e-05,-2.8705946965564737e-05
-28.60571513726878,-25.416337750103935,-2.219681557225293,0.0004126844338519658,0.001449670332681811,-0.0005548653576494072
-98.54765432669944,-12.878938672338887,4.501040610074054,0.000718968948051504,-0.0017980638078626907,-0.00010217222091572233
-121.64530907687191,11.748419533944375,8.1424400026483,-0.0008670442236596431,-0.0016666478677193903,0.0005941030800512796
